
 
         1       0      0      0     99945     18.13
                                     99945     18.13

         2       0      0    128     13620      2.47
                                     13620      2.47

         3       0      0    255     10548      1.91
                                     10548      1.91

         4       0    128      0      4692      0.85
         5       0    128      0      3016      0.55
         6       0    128      0      6234      1.13
         7       0    128      0      7257      1.32
         8       0    128      0      2288      0.42
                                     23487      4.26

         9       0    128    128      3021      0.55
                                      3021      0.55

        10       0    255      0      2111      0.38
                                      2111      0.38

        11       0    255    255     13102      2.38
        12       0    255    255      2954      0.54
        13       0    255    255      5602      1.02
        14       0    255    255      7258      1.32
        15       0    255    255      4048      0.73
        16       0    255    255      4045      0.73
        17       0    255    255     10374      1.88
        18       0    255    255      6796      1.23
        19       0    255    255      5649      1.02
                                     59828     10.85

        20     128      0      0      1351      0.25
                                      1351      0.25

        21     128      0    128       647      0.12
                                       647      0.12

        22     128    128      0      2697      0.49
                                      2697      0.49

        23     192    192    192      3376      0.61
        24     192    192    192       242      0.04
        25     192    192    192      7672      1.39
        26     192    192    192      1434      0.26
        27     192    192    192     13379      2.43
        28     192    192    192      4360      0.79
        29     192    192    192      6517      1.18
        30     192    192    192      5118      0.93
        31     192    192    192     18220      3.31
        32     192    192    192      9134      1.66
        33     192    192    192      2217      0.40
                                     71669     13.00

        34     255      0      0      6410      1.16
        35     255      0      0      2743      0.50
        36     255      0      0      6801      1.23
        37     255      0      0     10173      1.85
        38     255      0      0      3987      0.72
        39     255      0      0      2233      0.41
        40     255      0      0      2859      0.52
        41     255      0      0     20106      3.65
        42     255      0      0     11902      2.16
        43     255      0      0      2851      0.52
                                     70065     12.71

        44     255      0    255      2918      0.53
        45     255      0    255     20064      3.64
        46     255      0    255     12728      2.31
        47     255      0    255      5474      0.99
                                     41184      7.47

        48     255    255      0      7703      1.40
        49     255    255      0     10475      1.90
        50     255    255      0     13474      2.44
        51     255    255      0      3467      0.63
        52     255    255      0      9467      1.72
        53     255    255      0      6149      1.12
        54     255    255      0      2176      0.39
        55     255    255      0     11305      2.05
        56     255    255      0      5850      1.06
                                     70066     12.71

        57     255    255    255      4074      0.74
        58     255    255    255      3599      0.65
        59     255    255    255      8025      1.46
        60     255    255    255      3083      0.56
        61     255    255    255       192      0.03
        62     255    255    255      3065      0.56
        63     255    255    255     16604      3.01
        64     255    255    255      6361      1.15
        65     255    255    255     27404      4.97
        66     255    255    255      8640      1.57
                                     81047     14.70  

celkem 747*738                      551284