      1    128      0      0   1578      0
      2    255      0      0  30701      8
      3    255    165      0      0      0
      4    255    255      0  42703     11
      5    128    128      0      0      0
      6    128      0    128   7534      2
      7    255      0    255      0      0
      8    255    255    255  23804      6
      9      0    255      0 160227     42
     10      0    128      0      0      0
     11      0      0    128      0      0
     12      0      0    255      0      0
     13      0    255    255  15691      4
     14      0    128    128      0      0
     15      0      0      0  99457     26
     16    192    192    192      0      0
